%YAML:1.0
---
image_width: !!opencv-matrix
   rows: 1
   cols: 1
   dt: i
   data: [ 1440 ]
image_height: !!opencv-matrix
   rows: 1
   cols: 1
   dt: i
   data: [ 1080 ]
camera0_matrix: !!opencv-matrix
   rows: 3
   cols: 3
   dt: d
   data: [ 4.6681303121776436e+03, 0., 7.5915591041122082e+02, 0.,
       4.6693198867017245e+03, 5.3969593584623124e+02, 0., 0.,
       1.0000725029092925e+00 ]
dist_cam0: !!opencv-matrix
   rows: 5
   cols: 1
   dt: d
   data: [ -1.5497016275206077e-01, 2.2868690543924422e-01,
       -1.9529179856634504e-03, 1.1981944632879912e-03,
       -1.1579495692771395e+01 ]
extrinsic_cam0: !!opencv-matrix  # 26x4，每个元素为一个4x1的向量，从而extrinsic_cam0[i]为一个4x4的矩阵,即某一次的外参
   rows: 26
   cols: 4
   dt: "4d"
   data: [ 9.2605003440905065e-01, 7.3593508922263655e-03,
       -3.7732899931683112e-01, -7.1928471093554222e+01,
       -5.3956798923324853e-03, 9.9996584312166670e-01,
       6.2609287229337760e-03, -8.0001797668027621e+01,
       3.7736218730749310e-01, -3.7619867648976714e-03,
       9.2605811213232470e-01, 7.9959955789090930e+02, 0., 0., 0., 1.,
       8.6365107783518502e-01, 8.7730487862353983e-03,
       -5.0401373926622040e-01, -6.9447205919319316e+01,
       -4.5590768241449801e-03, 9.9994359111908948e-01,
       9.5931954202364798e-03, -8.0014055240912555e+01,
       5.0406946998666247e-01, -5.9873362068315209e-03,
       8.6364235724778560e-01, 7.9385397688357398e+02, 0., 0., 0., 1.,
       9.6893285395326800e-01, 7.0123107351055189e-03,
       -2.4722449722495007e-01, -7.9378694524539668e+01,
       -6.2807655815748046e-03, 9.9997325361571154e-01,
       3.7475374470601367e-03, -7.9872470778534549e+01,
       2.4724416376061201e-01, -2.0783530407841198e-03,
       9.6895098118271883e-01, 8.1152406745640678e+02, 0., 0., 0., 1.,
       9.8576874596894515e-01, 5.8899777242274387e-03,
       -1.6800383219802312e-01, -8.1264094982750876e+01,
       -5.7154668081035196e-03, 9.9998250792309229e-01,
       1.5222637774793225e-03, -7.9846891203488482e+01,
       1.6800985956180925e-01, -5.4037972839774719e-04,
       9.8578516679841066e-01, 8.1706358843694306e+02, 0., 0., 0., 1.,
       9.9686532890462221e-01, 4.8418954952361608e-03,
       -7.8968804447659760e-02, -8.2577825605627410e+01,
       -4.9190024591959933e-03, 9.9998759592824937e-01,
       -7.8192355555992935e-04, -7.9845918194950585e+01,
       7.8964038920802046e-02, 1.1679202256693233e-03,
       9.9687678101140498e-01, 8.2405037517951735e+02, 0., 0., 0., 1.,
       9.9930257662923927e-01, 6.0855909408251019e-03,
       3.6841904471191914e-02, -8.3485586466383083e+01,
       -6.0128569213838377e-03, 9.9997974958529900e-01,
       -2.0846992506341612e-03, -7.9854427850313058e+01,
       -3.6853845034221996e-02, 1.8617202323592014e-03,
       9.9931893212526002e-01, 8.3212715718439097e+02, 0., 0., 0., 1.,
       9.9314457497297837e-01, 6.3458106454417481e-03,
       1.1672010918858088e-01, -8.3583578485837108e+01,
       -5.9643297864913182e-03, 9.9997567057167247e-01,
       -3.6173242779503770e-03, -7.9864774210003091e+01,
       -1.1674022430996102e-01, 2.8963687586484859e-03,
       9.9315826084067482e-01, 8.3778537731944391e+02, 0., 0., 0., 1.,
       9.7990688098679646e-01, 5.4850728881897836e-03,
       1.9938008569097301e-01, -8.3288007425591545e+01,
       -4.4704989185383849e-03, 9.9997466965518989e-01,
       -5.5384733829132874e-03, -7.9889946926437588e+01,
       -1.9940541425484878e-01, 4.5358597206193669e-03,
       9.7990658062003400e-01, 8.4393122853302805e+02, 0., 0., 0., 1.,
       9.4817015822479178e-01, 6.9995478355389090e-03,
       3.1768594142969453e-01, -8.1489522806122793e+01,
       -4.7334086674875563e-03, 9.9995755532897668e-01,
       -7.9045798675833959e-03, -7.9924992623181055e+01,
       -3.1772778583932482e-01, 5.9911493550447916e-03,
       9.4816304517474514e-01, 8.5293909190718466e+02, 0., 0., 0., 1.,
       9.1616329789441719e-01, 6.6139200127177857e-03,
       4.0075063025938057e-01, -7.9805286662287259e+01,
       -3.3071666688153090e-03, 9.9995454609015766e-01,
       -8.9425053677045594e-03, -7.9991012573581997e+01,
       -4.0079155959157881e-01, 6.8674460822141844e-03,
       9.1614352802629007e-01, 8.5927580898375038e+02, 0., 0., 0., 1.,
       8.0144567865061023e-01, 8.1924674612528434e-03,
       5.9801146113528558e-01, -7.3360305783658376e+01,
       -7.5156958894975799e-04, 9.9991918144929604e-01,
       -1.2691166728190859e-02, -8.0147929334536272e+01,
       -5.9806710268615837e-01, 9.7218335033102780e-03,
       8.0138706418179606e-01, 8.7418698718309122e+02, 0., 0., 0., 1.,
       7.0665812560527752e-01, 9.5316786376196047e-03,
       7.0749094737557239e-01, -6.7906633649896804e+01,
       1.1136478304361866e-03, 9.9989303631545678e-01,
       -1.4583405513337174e-02, -8.0263008559052921e+01,
       -7.0755427587185538e-01, 1.1093377763594566e-02,
       7.0657192391521517e-01, 8.8262150195913557e+02, 0., 0., 0., 1.,
       6.0678768264200156e-01, 1.0567293858574644e-02,
       7.9479370939537275e-01, -6.1150358281362493e+01,
       4.2129338686060771e-03, 9.9985482351092436e-01,
       -1.6510090555687917e-02, -8.0444183517697653e+01,
       -7.9485279101363693e-01, 1.3366532925362289e-02,
       6.0665507202642499e-01, 8.8947312710449171e+02, 0., 0., 0., 1.,
       5.0579902084262995e-01, 1.2659543952519985e-02,
       8.6255845393894970e-01, -5.3335503379256238e+01,
       5.9551204963714339e-03, 9.9981724794709403e-01,
       -1.8166101600863106e-02, -8.0625721561977059e+01,
       -8.6263079417240296e-01, 1.4325035930614585e-02,
       5.0563119592354666e-01, 8.9468344281952739e+02, 0., 0., 0., 1.,
       3.6741053781322974e-01, 1.4308886971737914e-02,
       9.2994879023386190e-01, -4.3648901472382924e+01,
       9.2266428262372264e-03, 9.9977636511712786e-01,
       -1.9028631462625251e-02, -8.0820843981883840e+01,
       -9.3001309978190649e-01, 1.5571625053712134e-02,
       3.6719634901131060e-01, 9.0050977763980939e+02, 0., 0., 0., 1.,
       9.3612439726907659e-01, 6.4046259000320625e-03,
       3.5161071315403453e-01, -7.9372430266218231e+01,
       -3.7292544481482568e-03, 9.9995871966592742e-01,
       -8.2856276370715052e-03, -8.4736979542998796e+01,
       -3.5164926489169440e-01, 6.4451323617033011e-03,
       9.3610963822085025e-01, 8.5276270554491862e+02, 0., 0., 0., 1.,
       8.0444523919716693e-01, 7.5083361658940580e-03,
       5.9397936161202858e-01, -7.1591087789277864e+01,
       -9.7619937621446808e-06, 9.9992028243405784e-01,
       -1.2626507105986508e-02, -8.4952876031631718e+01,
       -5.9402681508305366e-01, 1.0151535106277145e-02,
       8.0438118407709513e-01, 8.7092220327900338e+02, 0., 0., 0., 1.,
       7.0414566895936759e-01, 8.6035147794432526e-03,
       7.1000342000528738e-01, -6.4685184488451910e+01,
       2.0168774626888862e-03, 9.9989832210859753e-01,
       -1.4116573582562918e-02, -8.5151313300347397e+01,
       -7.1005268050410542e-01, 1.1372114044948600e-02,
       7.0405672067744907e-01, 8.8018273251444202e+02, 0., 0., 0., 1.,
       5.9317323284845913e-01, 1.0314473824533939e-02,
       8.0500877477318888e-01, -5.7656462278614967e+01,
       5.3171905543747669e-03, 9.9984592406542105e-01,
       -1.6728885628537155e-02, -8.5299434502610453e+01,
       -8.0505729194680065e-01, 1.4203512223644315e-02,
       5.9302699510544765e-01, 8.8785344400185170e+02, 0., 0., 0., 1.,
       4.9877631455439464e-01, 1.2868905718301172e-02,
       8.6663520543833727e-01, -5.1300423294278680e+01,
       6.1229709707490386e-03, 9.9981250017046941e-01,
       -1.8370458060879301e-02, -8.5382223669198083e+01,
       -8.6670911917783977e-01, 1.4469131573409517e-02,
       4.9860399814430323e-01, 8.9295333872700132e+02, 0., 0., 0., 1.,
       3.8988617156999883e-01, 1.3060636067738739e-02,
       9.2077043447538831e-01, -4.3893018263421624e+01,
       9.4525638015975529e-03, 9.9978997299571903e-01,
       -1.8184029663307993e-02, -8.5556892090394072e+01,
